836,6,2024-08-03T14:46:05,857.71
837,8,2024-08-07T12:14:43,157.85
838,2,2024-08-10T07:13:57,355.59
839,10,2024-08-10T22:36:33,809.83
840,46,2024-08-09T10:52:33,126.35
841,39,2024-08-05T19:08:24,907.65
842,72,2024-08-09T11:51:58,300.66
843,9,2024-08-06T02:32:18,566.59
844,92,2024-08-02T00:21:11,33.03
845,50,2024-08-01T14:52:45,343.49
846,91,2024-08-08T03:52:15,525.01
847,5,2024-08-04T16:59:19,842.79
848,3,2024-08-09T23:31:30,158.58
849,51,2024-08-10T08:24:34,740.63
850,78,2024-08-11T07:06:35,370.68
851,100,2024-08-09T13:54:36,993.39
852,83,2024-08-08T20:48:10,505.95
853,100,2024-08-02T18:52:52,532.46
854,53,2024-08-02T23:41:03,361.98
855,17,2024-08-12T04:56:37,996.95
856,49,2024-08-12T10:09:55,586.42
857,93,2024-08-06T12:38:24,63.73
858,80,2024-08-05T09:33:38,338.07
859,78,2024-08-10T14:02:27,295.59
860,48,2024-08-02T03:38:38,922.17
861,57,2024-08-05T21:43,312.41
862,29,2024-08-03T23:18:40,405.24
863,7,2024-08-02T15:09:44,701.92
864,57,2024-08-08T18:46:55,97.61
865,19,2024-08-10T10:03:27,672.57
866,48,2024-08-02T06:02:16,933.48
867,91,2024-08-07T16:16:44,282.12
868,45,2024-08-11T21:58:59,109.83
869,28,2024-08-03T23:13:12,647.88
870,98,2024-08-03T07:00:09,373.33
871,16,2024-08-10T03:07:11,433.48
872,62,2024-08-11T17:15:37,416.69
873,22,2024-08-08T13:59:52,930.44
874,99,2024-08-09T01:00:08,128.59
875,80,2024-08-07T12:13:40,766.23
876,83,2024-08-07T09:03:31,896.39
877,8,2024-08-02T20:18:33,532.93
878,32,2024-08-04T16:14:04,675.63
879,55,2024-08-11T00:44:09,225.42
880,86,2024-08-07T16:19:45,354.98
881,47,2024-08-01T02:55:24,534.48
882,26,2024-08-05T15:55:58,39.73
883,58,2024-08-02T05:42:50,249.33
884,9,2024-08-07T07:55:02,728.33
885,66,2024-08-01T21:29:02,775.05
886,96,2024-08-12T21:07:24,281.05
887,47,2024-08-02T17:34:43,950.81
888,44,2024-08-07T12:07:03,679.26
889,69,2024-08-12T02:05:59,48.94
890,93,2024-08-09T13:46,210.87
891,34,2024-08-02T14:20:41,301.59
892,6,2024-08-12T06:58:32,931.77
893,60,2024-08-11T00:50:31,292.06
894,2,2024-08-07T10:41:55,630.05
895,17,2024-08-06T13:06:48,763.70
896,71,2024-08-02T21:58:06,675.74
897,73,2024-08-09T20:39:49,347.29
898,67,2024-08-02T16:29:56,354.52
899,73,2024-08-08T10:35:03,286.49
900,62,2024-08-01T09:21:52,702.90
901,81,2024-08-09T13:21:48,797.69
902,46,2024-08-05T11:17:43,434.48
903,64,2024-08-07T02:26:03,220.32
904,61,2024-08-10T01:34:22,738.20
905,28,2024-08-01T19:34:21,365.30
906,23,2024-08-05T13:51:52,717.12
907,67,2024-08-09T00:27:07,614.27
908,94,2024-08-12T14:16:53,568.11
909,76,2024-08-03T14:16:56,935.90
910,40,2024-08-05T07:07:16,674.44
911,44,2024-08-12T12:57:53,514.14
912,40,2024-08-05T05:05:08,505.91
913,18,2024-08-12T15:59:46,203.67
914,20,2024-08-11T03:03:04,255.73
915,14,2024-08-04T01:04,670.54
916,94,2024-08-06T13:09:27,353.93
917,99,2024-08-02T22:02:52,390.02
918,71,2024-08-07T19:27:08,214.47
919,9,2024-08-04T05:39:29,943.74
920,64,2024-08-10T11:31:34,988.49
921,70,2024-08-10T16:12:11,40.99
922,6,2024-08-11T06:12:27,285.02
923,33,2024-08-09T20:26:33,751.28
924,50,2024-08-01T21:14:42,27.05
925,34,2024-08-08T05:23:02,728.88
926,8,2024-08-07T15:13:25,700.54
927,60,2024-08-10T00:03:54,925.25
928,62,2024-08-08T02:44:04,560.93
929,94,2024-08-04T00:14:26,946.36
930,14,2024-08-07T19:50:30,418.31
931,51,2024-08-12T22:04:22,703.32
932,74,2024-08-09T21:01:42,94.51
933,74,2024-08-04T20:10:32,570.04
934,39,2024-08-11T19:37:18,326.79
935,6,2024-08-02T16:13:01,441.89
936,42,2024-08-03T16:23:48,863.29
937,53,2024-08-04T04:56:46,134.92
938,97,2024-08-06T08:53:30,713.08
939,23,2024-08-10T19:05:21,821.26
940,3,2024-08-06T11:56:27,103.71
941,26,2024-08-11T00:45:45,418.23
942,9,2024-08-04T02:09:46,54.44
943,2,2024-08-04T22:58:48,493.16
944,33,2024-08-03T21:14:14,594.54
945,16,2024-08-02T06:16:02,779.83
946,97,2024-08-11T19:44:09,930.31
947,92,2024-08-07T16:24:56,416.89
948,92,2024-08-05T13:05:02,240.81
949,29,2024-08-01T00:13:29,846.94
950,60,2024-08-01T12:58:39,667.21
951,49,2024-08-11T21:48:39,184.04
952,95,2024-08-12T08:10:12,460.91
953,20,2024-08-06T09:22:33,440.28
954,78,2024-08-06T12:48:50,858.02
955,40,2024-08-08T00:47:43,905.38
956,78,2024-08-12T12:17:34,315.28
957,75,2024-08-04T00:08:46,480.86
958,10,2024-08-09T16:02:48,975.51
959,68,2024-08-11T11:47:28,271.09
960,46,2024-08-04T12:13:18,843.58
961,72,2024-08-06T14:59:14,287.20
962,66,2024-08-01T10:09:44,283.10
963,98,2024-08-07T19:01:32,774.82
964,91,2024-08-08T21:45:12,156.57
965,63,2024-08-12T00:32:47,288.68
966,90,2024-08-12T14:17:27,707.59
967,79,2024-08-04T21:12:28,797.19
968,29,2024-08-02T17:22:14,520.53
969,49,2024-08-12T21:05:39,526.24
970,77,2024-08-02T07:27:14,150.30
971,73,2024-08-02T19:27:08,600.85
972,39,2024-08-11T04:08:39,987.43
973,64,2024-08-03T21:49:41,977.48
974,13,2024-08-03T10:58:59,798.78
975,10,2024-08-02T08:34:18,120.19
976,66,2024-08-12T06:09:45,21.36
977,55,2024-08-05T16:05:07,851.41
978,61,2024-08-10T14:05:37,895.76
979,12,2024-08-05T15:15:57,516.98
980,2,2024-08-03T16:39:32,556.02
981,74,2024-08-03T13:36:29,193.30
982,97,2024-08-05T08:17:54,689.65
983,8,2024-08-12T09:40:29,812.29
984,59,2024-08-05T16:56:36,673.27
985,75,2024-08-02T05:50:41,512.82
986,94,2024-08-03T01:56:40,671.67
987,45,2024-08-10T14:28:08,933.43
988,83,2024-08-03T20:34:54,356.87
989,20,2024-08-02T14:36:59,336.44
990,92,2024-08-09T10:30,41.40
991,82,2024-08-10T22:06:38,617.36
992,68,2024-08-12T09:15:51,799.82
993,8,2024-08-05T01:00:29,537.48
994,2,2024-08-11T23:32:23,341.06
995,100,2024-08-09T16:02:54,913.16
996,18,2024-08-02T22:05:34,167.65
997,33,2024-08-05T14:25:15,355.07
998,70,2024-08-01T01:10:57,181.12
999,63,2024-08-10T15:52:53,822.00
1000,71,2024-08-10T10:48:45,102.51
1001,80,2024-08-04T00:09:51,314.05
1002,70,2024-08-04T16:33,945.91
1003,75,2024-08-06T12:56:08,62.93
1004,24,2024-08-04T21:32:14,455.65
1005,22,2024-08-10T15:01:57,670.36
1006,58,2024-08-09T23:09:31,458.72
1007,8,2024-08-02T05:55:53,448.55
1008,45,2024-08-11T06:56:11,518.83
1009,16,2024-08-10T17:47:33,971.25
1010,32,2024-08-11T13:54:52,222.88
1011,45,2024-08-08T11:10:53,438.09
1012,37,2024-08-11T22:21:32,498.24
1013,25,2024-08-08T18:40:19,37.29
1014,54,2024-08-12T11:03:04,887.30
1015,69,2024-08-02T14:47:09,200.35
1016,67,2024-08-04T21:48:59,602.21
1017,10,2024-08-08T08:23:44,860.17
1018,93,2024-08-06T21:18:03,278.14
1019,97,2024-08-05T21:22:14,192.42
1020,82,2024-08-07T15:44:51,246.80
1021,93,2024-08-11T08:51:42,26.68
1022,81,2024-08-11T19:32:49,564.00
1023,20,2024-08-05T21:15:10,746.72
1024,38,2024-08-07T14:04:04,898.72
1025,51,2024-08-11T15:15:55,229.07
1026,50,2024-08-02T05:13:39,967.55
1027,88,2024-08-11T04:22:29,709.46
1028,52,2024-08-05T12:02:10,763.41
1029,96,2024-08-05T10:52:16,680.16
1030,11,2024-08-11T21:05:54,105.76
1031,56,2024-08-05T14:12:23,15.51
1032,27,2024-08-02T12:00:24,316.78
1033,34,2024-08-12T00:40:20,889.57
1034,34,2024-08-06T07:48:15,885.62
1035,50,2024-08-11T02:58:38,728.01
1036,5,2024-08-06T12:47:58,575.28
1037,7,2024-08-11T21:37:47,522.13
1038,1,2024-08-08T15:47:47,794.75
1039,6,2024-08-03T06:33:26,952.78
1040,76,2024-08-05T00:42:43,188.32
1041,21,2024-08-03T06:40:43,253.79
1042,76,2024-08-08T13:31:29,640.80
1043,50,2024-08-09T03:13:28,272.23
1044,79,2024-08-02T22:27:52,303.52
1045,75,2024-08-05T09:21:01,149.45
1046,61,2024-08-08T12:34:46,631.08
1047,12,2024-08-07T00:27:37,665.06
1048,97,2024-08-11T08:52:12,396.63
1049,57,2024-08-06T16:46:25,814.67
1050,32,2024-08-09T16:01:30,119.37
1051,78,2024-08-10T00:47:24,987.73
1052,98,2024-08-06T23:19:57,950.36
1053,94,2024-08-02T19:47:22,995.69
1054,100,2024-08-10T16:20:38,371.38
1055,1,2024-08-09T03:07:14,375.88
1056,36,2024-08-04T16:29:21,745.98
1057,55,2024-08-06T18:55:54,412.52
1058,1,2024-08-05T20:22:26,993.73
1059,57,2024-08-05T15:06:26,165.50
1060,14,2024-08-12T07:12:17,814.79
1061,1,2024-08-07T19:53:27,968.16
1062,59,2024-08-02T10:32:25,893.77
1063,17,2024-08-12T10:23,331.48
1064,84,2024-08-09T14:22:06,268.94
1065,95,2024-08-02T18:36:28,354.25
1066,45,2024-08-06T18:52:43,994.29
1067,30,2024-08-11T19:05:45,95.82
1068,46,2024-08-04T16:45:06,949.38
1069,25,2024-08-03T04:58:03,123.40
1070,1,2024-08-03T06:17:34,517.48
1071,71,2024-08-06T22:11:01,588.61
1072,87,2024-08-04T22:46:46,726.34
1073,65,2024-08-11T13:15:43,610.29
1074,31,2024-08-02T18:09:37,16.58
1075,24,2024-08-02T11:49:01,328.47
1076,5,2024-08-05T09:27:39,14.39
1077,39,2024-08-02T14:36:46,454.91
1078,26,2024-08-12T07:51:27,380.45
1079,41,2024-08-11T13:47:56,554.46
1080,16,2024-08-07T08:00:07,609.01
1081,2,2024-08-09T12:19:24,819.42
1082,27,2024-08-08T18:11:41,810.56
1083,46,2024-08-08T08:10:56,972.31
1084,20,2024-08-10T17:19:58,277.35
1085,2,2024-08-05T18:01,345.93
1086,100,2024-08-04T01:58:23,610.67
1087,7,2024-08-08T10:10:42,973.83
1088,16,2024-08-09T08:10:18,609.18
1089,33,2024-08-09T05:59:27,622.19
1090,8,2024-08-07T09:37:33,565.60
1091,14,2024-08-04T06:41:07,568.48
1092,97,2024-08-03T11:40:56,929.19
1093,70,2024-08-08T07:40:16,749.93
1094,52,2024-08-08T19:44:45,995.97
1095,9,2024-08-08T10:39:15,392.32
1096,88,2024-08-11T15:53:36,112.58
1097,11,2024-08-11T00:46:15,830.43
1098,85,2024-08-07T05:10:53,504.40
1099,79,2024-08-12T20:29:48,515.22
1100,1,2024-08-03T01:15:12,49.53
1101,96,2024-08-07T15:16:58,272.74
1102,80,2024-08-06T15:44:31,244.05
1103,16,2024-08-08T03:04:28,396.40
1104,81,2024-08-09T18:11:17,220.70
1105,25,2024-08-10T19:10:27,603.06
1106,24,2024-08-05T12:22:56,720.01
1107,85,2024-08-06T10:48:47,810.11
1108,58,2024-08-08T13:00:08,95.60
1109,82,2024-08-04T10:18:51,621.66
1110,11,2024-08-05T07:48:39,888.02
1111,98,2024-08-07T16:52:11,51.79
1112,94,2024-08-05T16:38:09,575.01
1113,79,2024-08-10T10:42:13,776.98
1114,86,2024-08-08T04:41:27,874.25
1115,17,2024-08-09T12:51:03,876.53
1116,30,2024-08-05T15:50:50,830.57
1117,14,2024-08-08T15:50:29,100.13
1118,7,2024-08-08T22:50:41,163.75
1119,59,2024-08-12T01:17:40,610.65
1120,5,2024-08-03T12:40:18,652.82
1121,44,2024-08-04T20:45:36,396.12
1122,72,2024-08-08T11:46:01,971.32
1123,63,2024-08-08T11:31:24,505.33
1124,22,2024-08-09T05:35:40,818.12
1125,23,2024-08-05T01:28:46,149.93
1126,54,2024-08-06T00:47:47,553.51
1127,8,2024-08-08T17:50,315.22
1128,86,2024-08-06T05:26:11,156.26
1129,2,2024-08-08T18:42:51,402.57
1130,91,2024-08-04T04:49:12,118.35
1131,98,2024-08-06T05:02:03,750.99
1132,15,2024-08-05T13:12:12,140.91
1133,97,2024-08-06T16:37:32,277.87
1134,17,2024-08-02T17:54:51,245.77
1135,20,2024-08-06T11:50:53,331.75
1136,94,2024-08-08T22:07:19,982.95
1137,57,2024-08-06T11:03:41,459.84
1138,28,2024-08-06T19:30:26,235.21
1139,67,2024-08-03T07:18:43,302.45
1140,84,2024-08-11T20:21:39,860.79
1141,28,2024-08-02T18:57:27,129.22
1142,72,2024-08-07T17:27:47,703.44
1143,91,2024-08-04T10:34:02,182.55
1144,5,2024-08-03T13:53:01,498.15
1145,89,2024-08-03T23:14:08,870.61
1146,32,2024-08-09T19:03:41,437.66
1147,91,2024-08-05T10:13:55,93.93
1148,13,2024-08-03T04:15:49,308.98
1149,65,2024-08-11T12:45:48,636.95
1150,27,2024-08-02T18:44:16,842.62
1151,97,2024-08-02T00:30:34,826.85
1152,40,2024-08-02T02:39:58,734.77
1153,13,2024-08-11T09:55:11,549.82
1154,65,2024-08-06T11:32:10,443.21
1155,84,2024-08-06T17:39:43,408.89
1156,5,2024-08-11T02:35:43,224.06
1157,73,2024-08-08T15:23:34,63.23
1158,69,2024-08-12T15:08:30,320.84
1159,49,2024-08-08T13:58:14,342.38
1160,75,2024-08-05T05:42:02,148.04
1161,64,2024-08-03T13:02:18,147.97
1162,11,2024-08-02T13:52:34,25.13
1163,93,2024-08-11T23:53:46,452.18
1164,60,2024-08-10T13:48:40,175.07
1165,31,2024-08-05T01:10:12,508.01
1166,80,2024-08-12T18:51:49,217.89
1167,72,2024-08-06T19:31:57,569.02
1168,19,2024-08-04T18:08:14,457.68
1169,100,2024-08-11T18:56:47,459.69
1170,43,2024-08-02T20:15:23,119.34
1171,92,2024-08-09T11:36:43,230.44
1172,17,2024-08-12T10:31:28,656.49
1173,39,2024-08-09T11:48:39,849.06
1174,71,2024-08-09T16:22:46,623.42
1175,69,2024-08-07T04:38:21,534.08
1176,29,2024-08-08T14:07:45,450.31
1177,51,2024-08-08T03:29:53,488.74
1178,54,2024-08-03T18:40:03,470.21
1179,96,2024-08-08T14:30:03,169.20
1180,53,2024-08-10T12:46:12,830.19
1181,59,2024-08-11T15:57:39,607.87
1182,46,2024-08-02T05:14:06,834.35
1183,16,2024-08-11T15:43:20,305.01
1184,28,2024-08-06T22:13:37,970.08
1185,40,2024-08-08T20:22:58,442.74
1186,55,2024-08-10T08:57:39,163.95
1187,93,2024-08-12T12:45:06,157.14
1188,62,2024-08-02T08:07:35,478.56
1189,87,2024-08-04T04:40:43,677.33
1190,14,2024-08-02T01:38:10,100.31
1191,57,2024-08-11T08:06:10,890.61
1192,74,2024-08-04T03:13:46,814.78
1193,21,2024-08-05T08:06:50,518.58
1194,56,2024-08-02T01:37:18,454.66
1195,33,2024-08-10T07:10:06,803.52
1196,28,2024-08-04T18:26:17,380.92
1197,27,2024-08-07T22:48:54,789.05
1198,30,2024-08-02T20:56:49,878.59
1199,40,2024-08-04T09:21:03,534.78
1200,4,2024-08-07T00:08:15,79.54
