335,35,2024-08-02T10:31:52,189.02
336,12,2024-08-06T17:47:22,670.92
337,73,2024-08-07T07:06:58,975.98
338,77,2024-08-10T11:50:25,825.37
339,17,2024-08-09T11:05:37,851.96
340,28,2024-08-02T12:56:30,392.62
341,44,2024-08-10T04:07:28,771.39
342,62,2024-08-11T07:45:07,89.46
343,14,2024-08-04T16:10:32,696.68
344,6,2024-08-05T23:03:34,801.47
345,86,2024-08-01T19:41:54,419.15
346,95,2024-08-10T22:57:15,717.90
347,80,2024-08-09T20:13:52,404.11
348,3,2024-08-01T09:27:27,619.46
349,45,2024-08-10T11:07:31,898.96
350,67,2024-08-11T01:08:21,252.77
351,65,2024-08-10T08:18:38,191.47
352,10,2024-08-11T15:55:05,584.82
353,86,2024-08-04T04:11:19,493.43
354,26,2024-08-12T14:00:19,755.73
355,87,2024-08-11T08:49:22,170.98
356,47,2024-08-02T23:38:53,548.12
357,54,2024-08-08T21:34:24,867.23
358,78,2024-08-04T03:03:14,822.44
359,77,2024-08-06T12:09:28,256.76
360,64,2024-08-05T04:03:27,772.60
361,65,2024-08-07T01:11:50,606.04
362,60,2024-08-09T20:32:09,279.41
363,58,2024-08-11T08:55:35,933.98
364,100,2024-08-05T19:58:47,349.58
365,55,2024-08-11T04:06:28,310.46
366,26,2024-08-12T06:22:29,744.26
367,8,2024-08-07T19:37:57,337.00
368,24,2024-08-10T23:19:21,657.96
369,88,2024-08-03T02:57:59,53.01
370,38,2024-08-10T17:03:30,45.70
371,94,2024-08-05T20:05:58,222.17
372,67,2024-08-12T23:47:03,717.49
373,93,2024-08-01T07:16:25,840.86
374,7,2024-08-05T19:30:57,413.59
375,72,2024-08-12T19:36:14,449.41
376,71,2024-08-07T20:25:23,118.18
377,9,2024-08-11T01:08:08,395.99
378,73,2024-08-01T07:18:19,665.91
379,88,2024-08-05T08:12:01,311.27
380,95,2024-08-12T04:09:34,202.28
381,64,2024-08-07T12:25:50,501.07
382,83,2024-08-12T22:31:37,984.90
383,82,2024-08-02T04:10:14,13.53
384,50,2024-08-09T01:09:29,257.58
385,28,2024-08-09T21:19:04,274.56
386,70,2024-08-05T20:21:37,128.50
387,73,2024-08-10T04:05:29,439.05
388,86,2024-08-05T19:37:52,484.13
389,22,2024-08-06T22:02:26,609.66
390,83,2024-08-10T10:49:13,251.95
391,65,2024-08-06T17:07:04,562.72
392,20,2024-08-11T19:08:21,582.44
393,38,2024-08-11T09:19:18,546.75
394,30,2024-08-05T13:25:11,290.51
395,85,2024-08-12T13:45:05,517.70
396,27,2024-08-11T02:16:34,207.56
397,22,2024-08-04T13:04:22,800.66
398,51,2024-08-01T05:48:19,385.97
399,65,2024-08-02T13:12:01,918.10
400,75,2024-08-06T16:16:15,486.91
401,86,2024-08-09T00:06:41,747.06
402,94,2024-08-06T05:27:54,682.78
403,37,2024-08-08T19:19:32,695.11
404,63,2024-08-06T13:33:29,471.05
405,21,2024-08-11T19:37:14,493.45
406,67,2024-08-09T08:30:03,962.17
407,18,2024-08-01T03:52:08,39.27
408,100,2024-08-11T00:08:48,60.00
409,34,2024-08-04T20:08:16,773.36
410,63,2024-08-12T17:46:43,96.19
411,71,2024-08-03T09:40:13,341.73
412,64,2024-08-05T22:21:49,75.06
413,33,2024-08-10T10:06:57,176.09
414,22,2024-08-12T12:49:21,824.35
415,45,2024-08-03T01:37:31,179.15
416,82,2024-08-08T17:38:57,430.29
417,4,2024-08-05T05:55:13,712.63
418,15,2024-08-12T00:55:48,630.68
419,39,2024-08-07T17:58:19,237.97
420,27,2024-08-09T14:31:03,421.64
421,30,2024-08-12T06:01:47,762.66
422,94,2024-08-11T12:18:14,194.55
423,87,2024-08-08T18:17:49,461.23
424,78,2024-08-11T05:51,315.54
425,11,2024-08-10T11:51:51,939.25
426,37,2024-08-06T07:22:47,335.63
427,13,2024-08-05T21:09:15,828.60
428,50,2024-08-06T09:26:02,228.39
429,55,2024-08-02T10:20:11,233.54
430,73,2024-08-01T22:07:51,808.31
431,82,2024-08-04T08:13:11,447.38
432,26,2024-08-08T23:12:21,860.27
433,21,2024-08-05T15:11:37,510.35
434,1,2024-08-11T18:28:52,929.04
435,79,2024-08-05T19:29:03,65.69
436,98,2024-08-10T01:18:50,338.52
437,4,2024-08-08T15:55:19,616.83
438,98,2024-08-09T04:52:12,218.06
439,37,2024-08-01T17:24:13,622.12
440,85,2024-08-04T02:11:31,874.47
441,71,2024-08-02T14:28:05,178.12
442,93,2024-08-04T19:38:59,824.25
443,37,2024-08-09T00:50:51,840.35
444,94,2024-08-06T03:53:43,477.79
445,10,2024-08-09T14:10:08,769.73
446,77,2024-08-05T19:23:45,414.95
447,48,2024-08-07T10:33:44,885.93
448,40,2024-08-01T22:12:28,111.61
449,94,2024-08-02T13:06:44,411.44
450,68,2024-08-09T21:55:15,695.91
451,24,2024-08-04T00:34:37,705.15
452,45,2024-08-09T02:35:55,337.60
453,11,2024-08-06T22:07:41,959.55
454,31,2024-08-07T03:46:08,585.55
455,39,2024-08-09T10:07:32,714.97
456,23,2024-08-12T15:53:04,543.65
457,50,2024-08-10T17:04:07,107.19
458,42,2024-08-01T04:58:32,292.80
459,58,2024-08-07T13:46:38,54.67
460,96,2024-08-08T23:24:19,31.70
461,57,2024-08-02T21:01:39,776.52
462,90,2024-08-05T23:34:29,312.45
463,38,2024-08-09T08:24:37,558.07
464,56,2024-08-01T19:31:46,735.28
465,47,2024-08-01T21:43:29,654.98
466,22,2024-08-10T21:54:34,242.54
467,54,2024-08-11T16:13:24,470.47
468,1,2024-08-12T21:12:29,71.92
469,68,2024-08-04T12:02:11,733.43
470,16,2024-08-07T23:02:20,887.99
471,52,2024-08-10T22:13:43,233.47
472,74,2024-08-11T10:50:12,548.54
473,66,2024-08-12T16:29:49,719.66
474,66,2024-08-09T20:24:15,613.10
475,94,2024-08-11T08:55:27,248.93
476,49,2024-08-01T12:28:49,815.94
477,46,2024-08-03T05:16:28,231.42
478,37,2024-08-02T21:21:14,207.43
479,34,2024-08-07T17:57:03,418.14
480,63,2024-08-10T15:36:31,252.43
481,6,2024-08-09T09:44:06,800.94
482,70,2024-08-09T20:44:12,78.26
483,94,2024-08-07T21:18:34,516.16
484,38,2024-08-09T11:53:34,807.50
485,84,2024-08-11T10:27:08,586.04
486,44,2024-08-05T19:31,252.22
487,6,2024-08-05T20:15,171.06
488,71,2024-08-03T05:18:04,551.08
489,4,2024-08-01T00:32:55,561.83
490,77,2024-08-06T14:14:47,138.22
491,75,2024-08-10T02:28:25,913.31
492,97,2024-08-11T01:32:01,476.17
493,73,2024-08-04T09:52:52,233.69
494,62,2024-08-09T22:54:13,325.92
495,54,2024-08-01T02:58:33,259.11
496,10,2024-08-04T08:40:56,956.38
497,85,2024-08-02T21:22:23,724.68
498,61,2024-08-02T15:38:30,53.11
499,83,2024-08-09T21:57:46,478.05
500,60,2024-08-12T19:35:55,610.86
501,91,2024-08-06T23:29:07,165.49
