502,22,2024-08-02T21:14:16,283.80
503,16,2024-08-02T12:11:24,549.56
504,56,2024-08-02T06:25:45,839.53
505,85,2024-08-11T23:30:55,177.79
506,3,2024-08-09T03:24:50,245.76
507,22,2024-08-03T18:35:49,334.37
508,76,2024-08-08T04:31:45,297.19
509,42,2024-08-10T00:16:33,283.34
510,9,2024-08-06T07:19:07,873.12
511,37,2024-08-06T11:01:46,87.28
512,48,2024-08-09T16:04:06,697.67
513,15,2024-08-08T02:26:44,874.46
514,69,2024-08-02T14:46:41,80.83
515,88,2024-08-10T16:08:22,421.72
516,56,2024-08-09T04:28:58,85.27
517,42,2024-08-01T22:43:53,341.65
518,10,2024-08-09T07:52:41,584.58
519,48,2024-08-06T23:46:19,397.09
520,56,2024-08-10T05:32:34,469.50
521,45,2024-08-12T12:00:43,132.21
522,85,2024-08-09T11:31:49,910.50
523,27,2024-08-12T06:13:40,667.93
524,20,2024-08-06T16:16:41,59.85
525,65,2024-08-06T22:20:37,658.00
526,3,2024-08-01T23:30:16,605.30
527,73,2024-08-10T08:49:52,792.60
528,31,2024-08-08T20:13:48,95.17
529,82,2024-08-05T00:35:49,651.35
530,48,2024-08-01T12:03:57,172.07
531,91,2024-08-12T07:49:17,316.35
532,43,2024-08-05T20:51:06,700.43
533,8,2024-08-09T07:20:10,116.56
534,74,2024-08-07T08:28:23,971.59
535,8,2024-08-07T11:33:13,612.15
536,11,2024-08-06T22:24:40,192.59
537,76,2024-08-08T12:50:19,18.95
538,56,2024-08-11T09:11:54,980.07
539,73,2024-08-08T06:21:18,917.56
540,93,2024-08-04T08:04:33,614.02
541,49,2024-08-03T07:22:18,269.64
542,97,2024-08-06T11:06:25,844.34
543,50,2024-08-04T15:22:46,220.17
544,70,2024-08-02T14:48:36,483.26
545,74,2024-08-03T14:55:44,948.11
546,24,2024-08-12T23:36:35,725.32
547,42,2024-08-09T01:33:57,378.97
548,29,2024-08-09T22:43:38,777.77
549,20,2024-08-05T09:21:27,15.14
550,74,2024-08-05T08:12:35,21.70
551,12,2024-08-09T20:06:15,498.40
552,100,2024-08-02T16:13:55,446.68
553,81,2024-08-09T20:43,161.20
554,31,2024-08-06T17:15:48,264.83
555,91,2024-08-04T19:57:03,592.72
556,59,2024-08-03T21:03:57,543.63
557,27,2024-08-09T19:53:44,431.34
558,39,2024-08-03T03:33:54,723.00
559,48,2024-08-03T02:43:14,796.23
560,55,2024-08-12T07:35:38,813.11
561,48,2024-08-01T04:51:12,301.15
562,17,2024-08-08T04:39:04,310.51
563,88,2024-08-06T00:52:38,931.70
564,54,2024-08-08T08:02:31,380.93
565,15,2024-08-01T10:00:04,234.62
566,82,2024-08-01T09:44:06,603.89
567,21,2024-08-06T10:21:25,782.06
568,30,2024-08-03T21:21:41,769.44
569,49,2024-08-12T15:47:21,35.81
570,32,2024-08-10T15:24:46,800.82
571,83,2024-08-04T01:53:05,437.71
572,18,2024-08-01T16:34:15,276.91
573,47,2024-08-05T07:53:08,461.03
574,17,2024-08-08T02:17:03,386.46
575,92,2024-08-01T23:24:46,559.46
576,62,2024-08-09T01:36:18,983.18
577,11,2024-08-12T05:45:36,97.42
578,40,2024-08-03T10:49:51,307.73
579,84,2024-08-06T19:28:36,662.16
580,67,2024-08-09T20:40:38,868.65
581,6,2024-08-12T19:11:03,888.97
582,31,2024-08-11T09:51:27,638.39
583,19,2024-08-05T13:00:53,431.57
584,71,2024-08-10T21:26:42,314.02
585,51,2024-08-07T23:52:16,572.42
586,31,2024-08-02T16:50:37,931.79
587,44,2024-08-06T18:59:55,730.44
588,56,2024-08-12T09:55:59,513.06
589,46,2024-08-01T21:54:05,997.33
590,44,2024-08-08T06:17:06,413.34
591,63,2024-08-07T15:11:18,85.65
592,51,2024-08-01T14:58:45,511.75
593,45,2024-08-03T14:52:37,865.27
594,77,2024-08-02T14:39:37,271.08
595,80,2024-08-12T15:05:31,344.73
596,28,2024-08-05T05:55:51,954.69
597,73,2024-08-03T01:48:03,51.62
598,69,2024-08-01T00:15:20,39.64
599,27,2024-08-12T17:24:58,586.33
600,13,2024-08-10T01:08:14,383.49
601,50,2024-08-03T08:40:16,895.29
602,88,2024-08-07T20:19:53,854.18
603,52,2024-08-10T06:00:10,867.37
604,9,2024-08-08T13:56:09,893.43
605,48,2024-08-12T12:51:34,459.57
606,53,2024-08-03T15:04:42,816.62
607,87,2024-08-05T09:26:56,621.65
608,55,2024-08-11T06:50:39,521.72
609,81,2024-08-10T00:06:02,636.00
610,48,2024-08-10T20:33:03,805.04
611,62,2024-08-12T13:47:38,517.57
612,83,2024-08-06T20:29:11,276.84
613,84,2024-08-09T22:38:09,397.77
614,69,2024-08-12T01:28:24,597.30
615,40,2024-08-11T06:40:37,439.12
616,52,2024-08-06T05:03:57,248.02
617,12,2024-08-08T02:07:20,123.13
618,32,2024-08-11T14:39:12,896.14
619,38,2024-08-05T19:56:31,238.35
620,36,2024-08-08T02:42:22,143.36
621,43,2024-08-04T02:03:41,31.89
622,12,2024-08-04T20:11:32,262.73
623,8,2024-08-06T11:07:46,671.79
624,2,2024-08-05T16:34:54,425.59
625,78,2024-08-11T18:36:18,670.33
626,55,2024-08-12T23:26:41,298.38
627,77,2024-08-01T08:54:51,668.22
628,43,2024-08-09T09:28:17,934.88
629,17,2024-08-03T04:54:29,844.63
630,23,2024-08-10T18:31:45,547.19
631,100,2024-08-03T08:49:30,854.18
632,60,2024-08-02T01:23:28,526.35
633,28,2024-08-03T07:46:02,240.04
634,84,2024-08-02T03:58:09,779.42
635,44,2024-08-12T12:24:50,642.99
636,76,2024-08-06T14:03:14,147.94
637,93,2024-08-05T17:48:49,128.75
638,58,2024-08-11T10:52:41,354.18
639,52,2024-08-05T04:59:42,507.47
640,41,2024-08-12T21:52:21,745.71
641,2,2024-08-11T22:50:08,331.40
642,41,2024-08-07T01:04:20,818.03
643,68,2024-08-11T09:05:19,797.84
644,77,2024-08-09T08:17:03,674.39
645,70,2024-08-01T11:20:40,325.84
646,4,2024-08-02T22:14:55,681.51
647,59,2024-08-09T19:46:10,70.39
648,39,2024-08-06T19:01:33,940.57
649,28,2024-08-01T19:15:17,357.92
650,91,2024-08-04T03:00:25,440.25
651,45,2024-08-09T10:53:31,847.16
652,79,2024-08-07T13:22:34,832.62
653,40,2024-08-04T06:23:12,256.58
654,10,2024-08-01T00:30:36,269.05
655,50,2024-08-03T03:06:36,558.22
656,61,2024-08-05T12:57:28,982.64
657,11,2024-08-04T13:18:45,753.49
658,32,2024-08-09T05:50:20,102.90
659,53,2024-08-12T01:25:35,541.62
660,10,2024-08-08T02:47:25,351.26
661,7,2024-08-01T17:23:50,493.46
662,92,2024-08-12T17:26:26,485.17
663,3,2024-08-03T22:21:34,736.64
664,45,2024-08-12T20:34:26,290.71
665,99,2024-08-09T05:12:38,658.20
666,63,2024-08-04T00:04:32,262.94
667,99,2024-08-03T08:31:12,856.10
668,100,2024-08-06T14:27:35,687.10
