1,52,2024-08-02T20:07:33,350.18
2,2,2024-08-01T01:10:36,884.60
3,66,2024-08-01T05:02:42,423.47
4,66,2024-08-02T22:03:36,486.28
5,61,2024-08-08T20:32:10,81.72
6,14,2024-08-01T17:49:57,831.45
7,3,2024-08-12T00:46:42,668.98
8,98,2024-08-05T21:36:02,428.06
9,21,2024-08-08T00:52:59,174.25
10,50,2024-08-12T12:15:22,420.46
11,86,2024-08-11T18:02:52,478.71
12,4,2024-08-12T04:15:48,427.15
13,13,2024-08-11T10:52:26,191.96
14,16,2024-08-01T15:24:17,590.98
15,88,2024-08-12T18:18:33,90.58
16,44,2024-08-06T12:56:24,110.55
17,85,2024-08-08T14:40:50,132.72
18,32,2024-08-04T17:01:17,244.35
19,80,2024-08-02T13:46:42,45.35
20,53,2024-08-11T20:18:46,593.46
21,5,2024-08-05T19:52:30,261.63
22,44,2024-08-09T03:11:08,888.69
23,99,2024-08-05T18:19:29,609.23
24,49,2024-08-08T06:36:31,964.52
25,74,2024-08-09T06:17:38,531.05
26,23,2024-08-06T16:19:56,246.76
27,20,2024-08-10T02:22:52,99.24
28,94,2024-08-10T19:22:22,519.51
29,22,2024-08-06T17:22:19,264.92
30,76,2024-08-07T07:11:15,911.40
31,56,2024-08-04T03:23:37,234.76
32,77,2024-08-11T20:04:07,146.64
33,95,2024-08-09T20:22:29,924.01
34,59,2024-08-03T07:37:44,713.83
35,35,2024-08-07T18:52:57,156.07
36,36,2024-08-11T09:54:57,167.56
37,62,2024-08-10T22:22:48,225.10
38,11,2024-08-10T09:15:17,837.94
39,3,2024-08-02T02:39:09,974.40
40,39,2024-08-03T02:52:34,964.28
41,64,2024-08-11T04:03:54,617.12
42,38,2024-08-10T03:48:14,496.10
43,82,2024-08-10T14:11:23,874.45
44,76,2024-08-03T03:30:58,282.86
45,54,2024-08-07T01:28:32,161.34
46,9,2024-08-03T17:15:16,478.51
47,23,2024-08-07T07:33:35,94.38
48,22,2024-08-01T05:39:15,383.47
49,22,2024-08-06T02:19:49,986.53
50,51,2024-08-07T07:32:29,341.25
51,65,2024-08-07T14:50:51,383.46
52,14,2024-08-03T21:46:21,644.52
53,28,2024-08-02T16:40:13,726.70
54,10,2024-08-02T05:27:32,396.85
55,20,2024-08-07T22:06:41,409.32
56,33,2024-08-02T04:01:54,996.75
57,62,2024-08-04T08:28:51,112.96
58,41,2024-08-08T13:09:17,382.83
59,18,2024-08-06T03:48:51,414.04
60,76,2024-08-06T22:26:31,415.02
61,36,2024-08-11T16:09:28,58.83
62,6,2024-08-09T07:19:42,127.06
63,14,2024-08-06T03:18:57,488.35
64,6,2024-08-10T10:32:26,569.01
65,7,2024-08-04T13:11:24,332.56
66,36,2024-08-04T03:50:28,655.55
67,33,2024-08-05T02:16:55,520.34
68,95,2024-08-03T20:03:07,175.03
69,60,2024-08-05T05:27:59,731.28
70,29,2024-08-05T01:30:47,627.30
71,93,2024-08-03T19:42:07,997.32
72,19,2024-08-06T03:15:06,923.80
73,94,2024-08-07T18:39:22,740.15
74,91,2024-08-09T00:09:21,128.21
75,30,2024-08-06T14:23:30,857.95
76,27,2024-08-11T14:10:41,273.44
77,93,2024-08-06T06:56:01,680.29
78,64,2024-08-08T11:32:45,850.73
79,37,2024-08-09T11:39:55,404.48
80,19,2024-08-07T06:52:36,412.21
81,3,2024-08-02T06:51:21,609.63
82,100,2024-08-03T07:32:15,527.83
83,84,2024-08-09T01:15:48,709.10
84,18,2024-08-09T12:00:47,665.28
85,41,2024-08-04T09:33:46,10.37
86,62,2024-08-09T21:58:28,558.75
87,4,2024-08-02T02:56:49,453.95
88,54,2024-08-06T14:52:44,390.30
89,63,2024-08-10T15:20:22,100.79
90,99,2024-08-12T08:47:58,733.63
91,94,2024-08-07T07:46:32,902.85
92,92,2024-08-09T23:59:34,782.92
93,5,2024-08-11T20:11:18,780.65
94,64,2024-08-04T05:35:26,94.15
95,69,2024-08-11T19:59:26,166.49
96,36,2024-08-06T13:20:09,699.58
97,21,2024-08-01T16:51:02,992.82
98,58,2024-08-09T10:17:34,886.57
99,74,2024-08-03T23:22:32,408.51
100,37,2024-08-03T08:27:49,918.20
101,61,2024-08-03T11:07:44,314.29
102,21,2024-08-05T16:05:17,980.92
103,85,2024-08-07T02:01:02,900.69
104,70,2024-08-04T08:08:34,888.83
105,79,2024-08-11T01:05:18,351.31
106,34,2024-08-06T20:28:09,819.10
107,12,2024-08-11T02:13:30,874.86
108,65,2024-08-04T22:39:18,275.19
109,37,2024-08-02T20:35:01,64.00
110,65,2024-08-02T04:12:01,514.22
111,58,2024-08-05T03:51:42,949.89
112,4,2024-08-04T12:57:19,473.23
113,60,2024-08-03T00:58:46,328.31
114,4,2024-08-05T12:02:17,691.68
115,53,2024-08-01T18:55:54,725.28
116,10,2024-08-11T04:25:02,984.73
117,48,2024-08-09T00:19:36,328.57
118,89,2024-08-04T14:37:51,327.67
119,54,2024-08-09T18:26:13,500.58
120,19,2024-08-09T18:33:41,909.80
121,53,2024-08-12T19:24:04,993.59
122,76,2024-08-02T03:32:27,755.84
123,94,2024-08-03T01:48:51,309.94
124,17,2024-08-04T03:40:25,573.68
125,37,2024-08-01T22:11:52,388.29
126,66,2024-08-07T01:07:15,416.30
127,78,2024-08-11T04:32,217.15
128,40,2024-08-04T21:27:32,715.44
129,29,2024-08-03T09:01:27,179.68
130,21,2024-08-09T02:29:48,459.65
131,60,2024-08-09T10:11:57,90.48
132,45,2024-08-12T23:45:27,512.28
133,39,2024-08-07T19:20:59,660.66
134,33,2024-08-07T22:24:01,491.31
135,100,2024-08-02T07:28:27,815.10
136,78,2024-08-02T14:51:43,686.14
137,94,2024-08-10T08:39:22,753.77
138,70,2024-08-03T13:22:28,809.16
139,54,2024-08-08T17:10:33,420.78
140,29,2024-08-02T04:57:03,294.36
141,26,2024-08-06T20:03:03,342.51
142,37,2024-08-05T06:14:23,658.49
143,67,2024-08-11T01:38:43,710.71
144,4,2024-08-08T09:07:19,482.61
145,100,2024-08-09T23:46:08,706.15
146,26,2024-08-09T05:11:45,180.01
147,4,2024-08-11T00:53:58,238.42
148,86,2024-08-10T03:40:51,855.08
149,62,2024-08-10T08:40:24,700.58
150,60,2024-08-02T01:35:17,64.42
151,72,2024-08-08T02:08:36,619.62
152,93,2024-08-11T11:32,619.16
153,83,2024-08-11T03:08:19,106.66
154,37,2024-08-01T20:17:32,55.26
155,20,2024-08-05T04:28:52,316.46
156,35,2024-08-08T22:39:38,101.18
157,12,2024-08-11T16:25:23,308.52
158,60,2024-08-03T03:16:35,694.42
159,44,2024-08-02T03:10:26,399.29
160,53,2024-08-01T17:51:31,388.92
161,31,2024-08-11T01:04:47,359.61
162,92,2024-08-01T13:59:32,490.40
163,29,2024-08-12T11:28:53,93.17
164,62,2024-08-12T08:00:33,168.61
165,10,2024-08-11T16:27:27,136.51
166,19,2024-08-02T12:42:59,273.16
167,50,2024-08-06T11:07:30,621.53
