669,20,2024-08-10T01:21:40,573.89
670,98,2024-08-04T13:21:12,957.76
671,83,2024-08-08T00:48:25,679.89
672,37,2024-08-10T18:20:02,502.00
673,48,2024-08-09T22:54:16,573.18
674,47,2024-08-11T17:04:18,305.09
675,86,2024-08-12T11:28:32,180.63
676,25,2024-08-03T07:36:12,48.92
677,81,2024-08-08T01:09:33,328.69
678,24,2024-08-07T13:02:07,652.51
679,33,2024-08-06T04:01:46,253.71
680,1,2024-08-10T01:54:09,803.16
681,11,2024-08-02T12:20:53,888.42
682,48,2024-08-05T15:41:11,807.46
683,29,2024-08-02T20:11:55,68.11
684,98,2024-08-07T03:36:04,198.34
685,75,2024-08-01T18:39:53,729.75
686,50,2024-08-01T02:40:55,725.23
687,87,2024-08-06T04:32:29,613.36
688,79,2024-08-04T04:26:49,757.43
689,84,2024-08-10T07:00:24,897.11
690,56,2024-08-12T02:38:14,23.47
691,46,2024-08-08T05:01:17,207.55
692,12,2024-08-09T16:52:43,47.98
693,87,2024-08-01T12:19:19,639.83
694,8,2024-08-04T04:55:22,866.34
695,10,2024-08-03T11:54:33,994.89
696,97,2024-08-09T22:54:42,444.54
697,35,2024-08-12T21:58:36,316.63
698,30,2024-08-07T16:43:55,379.63
699,73,2024-08-08T07:44:28,449.99
700,45,2024-08-05T23:58:26,756.13
701,24,2024-08-03T20:18:08,717.74
702,43,2024-08-08T00:13:04,904.08
703,63,2024-08-01T04:05:41,214.37
704,22,2024-08-02T03:16:34,484.99
705,40,2024-08-11T02:29:12,298.01
706,50,2024-08-06T00:22:20,772.09
707,100,2024-08-11T11:50:40,316.59
708,67,2024-08-10T09:44:40,325.49
709,96,2024-08-02T22:49:23,43.55
710,65,2024-08-05T06:30:45,778.59
711,90,2024-08-09T21:45:35,994.65
712,57,2024-08-06T18:29:42,599.86
713,73,2024-08-12T23:12:50,353.81
714,78,2024-08-11T13:46:32,920.21
715,54,2024-08-11T07:27,383.19
716,7,2024-08-09T10:22:46,752.14
717,20,2024-08-03T23:21:57,810.42
718,21,2024-08-02T22:57:01,971.95
719,15,2024-08-09T20:51:24,262.74
720,64,2024-08-02T06:25:50,501.82
721,80,2024-08-12T04:13:21,478.15
722,30,2024-08-12T01:26:02,863.32
723,38,2024-08-03T07:05:08,915.03
724,38,2024-08-08T01:56:16,428.33
725,42,2024-08-03T19:22:39,903.04
726,56,2024-08-10T22:26:42,499.33
727,29,2024-08-10T23:10:37,192.35
728,54,2024-08-01T15:35:37,331.72
729,63,2024-08-02T02:22:44,412.55
730,5,2024-08-09T06:38:58,266.51
731,26,2024-08-07T22:29:58,717.11
732,67,2024-08-02T14:04:16,740.77
733,26,2024-08-08T20:06:17,856.40
734,40,2024-08-04T22:25:44,333.39
735,21,2024-08-09T04:23:18,946.79
736,37,2024-08-11T20:10:42,339.27
737,30,2024-08-02T13:31:11,917.00
738,17,2024-08-11T13:57:52,423.34
739,38,2024-08-03T03:21:11,601.67
740,15,2024-08-12T14:38:13,823.02
741,48,2024-08-08T22:18:38,384.00
742,8,2024-08-06T00:20:19,118.70
743,53,2024-08-09T15:39:14,145.65
744,36,2024-08-11T19:44:08,164.30
745,73,2024-08-03T18:53:10,587.23
746,18,2024-08-03T17:44:07,567.89
747,84,2024-08-04T17:26:33,263.29
748,46,2024-08-07T09:20:30,77.78
749,69,2024-08-06T01:10:43,459.97
750,1,2024-08-03T18:15:45,474.61
751,79,2024-08-06T14:15:27,316.16
752,65,2024-08-08T07:34:50,868.31
753,28,2024-08-06T03:41:03,667.14
754,71,2024-08-10T15:25:26,914.67
755,63,2024-08-08T10:55:08,134.63
756,37,2024-08-12T09:56:46,141.50
757,43,2024-08-08T12:01:15,447.20
758,18,2024-08-11T21:08:09,13.33
759,1,2024-08-06T23:07:56,125.41
760,11,2024-08-02T23:27:27,963.99
761,40,2024-08-02T22:18:54,238.56
762,91,2024-08-01T06:40:29,513.65
763,55,2024-08-12T18:23:03,781.93
764,34,2024-08-11T03:39:06,370.03
765,56,2024-08-04T09:31:58,820.52
766,97,2024-08-11T01:23:04,456.57
767,44,2024-08-12T19:07:47,193.70
768,41,2024-08-07T15:09:38,592.45
769,77,2024-08-01T05:41:52,960.19
770,49,2024-08-06T02:18:29,608.58
771,32,2024-08-09T20:36:17,888.79
772,28,2024-08-04T06:19:14,810.11
773,63,2024-08-03T06:24:40,553.50
774,4,2024-08-07T18:28:24,966.76
775,19,2024-08-05T04:49:47,671.70
776,89,2024-08-12T09:59:18,565.38
777,24,2024-08-04T13:09:11,623.18
778,8,2024-08-05T00:20:43,659.67
779,28,2024-08-03T09:13:46,179.60
780,97,2024-08-10T03:55:26,627.31
781,100,2024-08-05T01:23:16,346.56
782,20,2024-08-03T08:55:55,739.40
783,27,2024-08-09T05:39:08,554.86
784,73,2024-08-04T15:58:03,261.01
785,32,2024-08-01T19:08:25,551.90
786,99,2024-08-07T18:59:45,566.88
787,27,2024-08-05T16:15:09,900.38
788,11,2024-08-06T10:09:59,156.32
789,71,2024-08-01T10:35:10,464.95
790,16,2024-08-10T22:52:08,410.68
791,70,2024-08-05T01:21:31,197.92
792,81,2024-08-12T08:00:27,939.31
793,78,2024-08-07T12:39:10,155.99
794,65,2024-08-07T01:11:20,897.47
795,58,2024-08-07T09:43:14,404.47
796,9,2024-08-12T08:32:39,934.60
797,93,2024-08-06T00:02:51,166.70
798,90,2024-08-05T07:51:09,879.01
799,65,2024-08-03T11:02:09,260.07
800,38,2024-08-04T02:16:46,12.98
801,87,2024-08-11T23:40:45,733.11
802,65,2024-08-07T12:48:22,301.02
803,62,2024-08-07T16:02:55,753.82
804,60,2024-08-06T23:18:08,765.46
805,27,2024-08-01T01:34:26,183.06
806,16,2024-08-03T00:36:33,151.28
807,32,2024-08-07T22:35:33,177.35
808,92,2024-08-11T11:20:45,336.96
809,98,2024-08-01T20:34:23,840.73
810,31,2024-08-11T00:45:57,46.92
811,4,2024-08-06T11:24:12,343.01
812,43,2024-08-07T23:40:12,30.61
813,60,2024-08-04T06:37:19,267.34
814,72,2024-08-11T06:48:40,643.60
815,42,2024-08-05T19:34:24,493.61
816,64,2024-08-09T10:41:06,239.21
817,40,2024-08-01T02:04:01,550.77
818,5,2024-08-05T03:15:26,143.12
819,29,2024-08-12T07:06:24,133.57
820,17,2024-08-10T14:23:26,847.02
821,56,2024-08-07T15:23:41,152.71
822,41,2024-08-02T15:48:34,602.48
823,19,2024-08-07T09:57:02,44.40
824,11,2024-08-03T23:47:42,531.51
825,49,2024-08-12T21:31:16,101.80
826,7,2024-08-03T11:58:07,871.26
827,64,2024-08-11T17:28:47,699.38
828,50,2024-08-01T01:23:11,146.14
829,45,2024-08-08T23:38:53,894.31
830,35,2024-08-04T05:39:03,486.06
831,32,2024-08-09T04:09:52,579.50
832,21,2024-08-12T05:24:29,768.24
833,30,2024-08-07T04:45:33,650.58
834,83,2024-08-02T15:31:37,881.48
835,9,2024-08-11T05:01,760.90
