168,74,2024-08-04T23:45:37,489.34
169,9,2024-08-08T07:02:26,211.26
170,76,2024-08-10T09:54:48,113.28
171,26,2024-08-09T20:10:05,839.00
172,93,2024-08-04T19:58:26,351.76
173,93,2024-08-10T14:51:27,717.50
174,75,2024-08-01T07:50:52,232.69
175,75,2024-08-01T04:58:32,320.99
176,32,2024-08-08T12:44,867.32
177,24,2024-08-04T11:28:31,734.36
178,15,2024-08-11T16:00:09,385.22
179,93,2024-08-10T15:19:48,955.34
180,10,2024-08-09T06:19:39,657.57
181,66,2024-08-11T13:13:09,333.83
182,26,2024-08-02T06:59:35,604.28
183,38,2024-08-11T09:12:07,213.38
184,6,2024-08-12T19:39:41,863.93
185,86,2024-08-07T04:15:09,210.30
186,65,2024-08-11T09:02:32,161.26
187,58,2024-08-02T13:32:20,427.81
188,89,2024-08-07T21:23:15,527.06
189,31,2024-08-02T09:31:50,218.17
190,74,2024-08-12T19:42:17,468.64
191,44,2024-08-06T19:03:42,193.78
192,100,2024-08-06T20:52:37,703.29
193,10,2024-08-04T18:38:02,331.45
194,84,2024-08-01T12:07:48,820.38
195,59,2024-08-10T07:14:36,99.08
196,62,2024-08-11T20:59:23,864.78
197,28,2024-08-03T09:48:37,43.79
198,82,2024-08-04T07:47:18,974.88
199,6,2024-08-06T13:17:51,310.30
200,43,2024-08-10T11:35:48,440.04
201,86,2024-08-04T03:02:30,44.14
202,4,2024-08-10T06:37:30,642.14
203,23,2024-08-06T01:27:30,341.28
204,23,2024-08-09T13:51:54,185.59
205,57,2024-08-04T19:19:38,721.73
206,26,2024-08-08T12:53:59,81.41
207,71,2024-08-02T13:53:15,421.60
208,15,2024-08-05T03:32:52,594.04
209,96,2024-08-03T09:30:51,846.75
210,51,2024-08-09T05:56:59,64.07
211,16,2024-08-04T21:04:38,627.21
212,42,2024-08-08T12:48:01,585.43
213,8,2024-08-01T08:35:21,945.20
214,27,2024-08-09T15:14:12,811.90
215,97,2024-08-02T16:53:26,828.76
216,53,2024-08-10T09:42:38,140.01
217,66,2024-08-04T17:58:40,337.11
218,93,2024-08-01T04:31:09,643.64
219,75,2024-08-06T10:40:22,181.58
220,65,2024-08-09T03:32:43,440.84
221,1,2024-08-08T15:43:14,795.68
222,52,2024-08-06T03:32:22,246.89
223,5,2024-08-07T19:01:10,661.93
224,68,2024-08-05T16:33:42,893.49
225,75,2024-08-02T00:33:36,339.32
226,41,2024-08-07T10:10:49,551.06
227,64,2024-08-02T22:45:03,339.25
228,39,2024-08-06T02:16:57,699.06
229,35,2024-08-07T02:53:36,160.40
230,66,2024-08-08T04:42:54,505.62
231,53,2024-08-12T21:36:33,421.23
232,71,2024-08-09T07:03:47,272.91
233,18,2024-08-12T14:50:50,71.55
234,62,2024-08-09T18:14:38,913.20
235,25,2024-08-12T12:08:02,556.70
236,29,2024-08-03T23:05:15,257.60
237,46,2024-08-02T00:13,706.43
238,88,2024-08-02T18:20:48,494.77
239,79,2024-08-02T18:37:13,218.00
240,77,2024-08-11T21:49:45,770.67
241,35,2024-08-06T23:58:16,354.41
242,46,2024-08-10T22:17:44,715.40
243,81,2024-08-09T13:56:18,825.28
244,13,2024-08-12T09:28:37,258.71
245,65,2024-08-07T12:37:20,593.84
246,23,2024-08-10T00:35:05,59.07
247,17,2024-08-08T08:47:29,388.61
248,64,2024-08-07T13:52:49,93.76
249,67,2024-08-02T23:29:18,932.63
250,13,2024-08-02T05:05:46,956.60
251,35,2024-08-07T12:37:42,261.08
252,5,2024-08-08T08:53:02,920.77
253,42,2024-08-07T02:51:59,87.94
254,55,2024-08-07T17:40:04,155.12
255,44,2024-08-08T12:52:55,816.36
256,61,2024-08-04T03:14:08,317.06
257,26,2024-08-11T11:13:22,862.70
258,50,2024-08-08T19:16:47,964.04
259,94,2024-08-01T08:21:37,35.52
260,78,2024-08-09T09:14:20,354.47
261,94,2024-08-06T08:56:44,889.48
262,51,2024-08-10T15:25:56,892.61
263,86,2024-08-05T11:45:21,90.03
264,50,2024-08-09T02:39:55,429.55
265,96,2024-08-10T03:35:26,724.31
266,81,2024-08-11T23:57:28,696.60
267,35,2024-08-12T20:20:59,353.63
268,73,2024-08-04T07:42:57,597.40
269,20,2024-08-06T12:10:36,151.29
270,44,2024-08-11T12:11:44,587.66
271,86,2024-08-06T10:08:34,698.08
272,14,2024-08-12T19:08:03,455.37
273,99,2024-08-09T01:29:51,684.94
274,55,2024-08-05T08:05:12,731.39
275,53,2024-08-12T22:25:59,133.42
276,69,2024-08-03T01:33:43,756.19
277,31,2024-08-07T12:36:43,310.55
278,22,2024-08-12T23:14:05,180.51
279,89,2024-08-08T07:44:20,126.90
280,51,2024-08-02T21:16:34,388.43
281,40,2024-08-04T12:10:25,84.34
282,73,2024-08-04T16:14:54,585.18
283,77,2024-08-07T03:02:36,39.52
284,70,2024-08-09T03:18:45,760.42
285,43,2024-08-03T06:21:20,817.33
286,58,2024-08-05T10:16:03,664.31
287,72,2024-08-08T11:26:20,879.38
288,100,2024-08-04T03:23:37,700.19
289,43,2024-08-10T07:47:38,528.70
290,32,2024-08-02T10:12:43,432.13
291,84,2024-08-10T15:15:26,317.18
292,27,2024-08-01T14:54:15,337.23
293,2,2024-08-04T19:11:15,632.61
294,1,2024-08-12T23:13:51,14.01
295,42,2024-08-05T09:47:27,125.88
296,43,2024-08-12T22:30:04,206.29
297,42,2024-08-01T01:16:38,443.82
298,2,2024-08-09T19:53:36,250.77
299,95,2024-08-05T08:38:36,199.76
300,64,2024-08-11T04:58:01,950.04
301,28,2024-08-09T03:38:03,232.36
302,19,2024-08-08T01:07:10,993.11
303,64,2024-08-07T19:30:13,134.81
304,32,2024-08-05T19:39:04,18.30
305,42,2024-08-11T21:32:30,71.42
306,55,2024-08-12T00:02:15,597.40
307,90,2024-08-10T23:31:09,972.57
308,49,2024-08-06T23:55:47,649.22
309,88,2024-08-09T13:17:17,258.65
310,81,2024-08-08T04:35:04,472.49
311,97,2024-08-11T13:56:42,962.50
312,66,2024-08-09T19:25:39,752.03
313,14,2024-08-12T12:36:51,134.13
314,84,2024-08-03T08:17:26,958.94
315,71,2024-08-05T04:13:53,959.66
316,72,2024-08-07T23:04:46,176.00
317,70,2024-08-05T06:37:21,414.09
318,96,2024-08-03T05:42:38,939.03
319,42,2024-08-12T14:04:55,53.85
320,53,2024-08-08T18:08:45,343.79
321,50,2024-08-07T05:33:05,571.41
322,35,2024-08-04T03:19:30,626.67
323,37,2024-08-08T22:02:42,226.89
324,78,2024-08-06T15:18:34,384.74
325,46,2024-08-12T16:36:26,762.09
326,9,2024-08-07T11:04:20,382.21
327,77,2024-08-12T03:17:23,725.22
328,90,2024-08-05T11:59:09,360.80
329,86,2024-08-11T10:13:06,741.82
330,48,2024-08-06T00:21:42,582.96
331,84,2024-08-12T09:07:22,725.27
332,7,2024-08-11T00:17:45,741.87
333,25,2024-08-11T05:28:28,252.64
334,35,2024-08-10T03:52:34,464.88
